"ann_acc_nb_mlnet","ann_profit_nb_mlnet","ann_utility_profit_nb_mlnet","ann_sens_nb_mlnet","ann_spec_nb_mlnet","ann_auc_nb_mlnet"
0.584158415841584,-26.2894835449169,65.1559070394711,0.481481481481481,0.702127659574468,0.594168636721828
0.594059405940594,1011.03147986706,1239.66857900803,0.528301886792453,0.666666666666667,0.63561320754717
0.603960396039604,1352.26036793805,1900.34803027571,0.471698113207547,0.75,0.622248427672956
0.594059405940594,1282.33786560378,1134.22659452192,0.490566037735849,0.708333333333333,0.635220125786163
0.564356435643564,109.257373387068,938.523557495357,0.444444444444444,0.702127659574468,0.613869188337273
0.574257425742574,987.75444941046,1840.86866852468,0.462962962962963,0.702127659574468,0.635539795114263
0.584158415841584,705.741956055862,1355.04601895203,0.5,0.680851063829787,0.620567375886525
0.594059405940594,1376.21477522305,659.114565920831,0.490566037735849,0.708333333333333,0.611635220125786
0.574257425742574,289.830936839215,1015.14293624332,0.471698113207547,0.6875,0.615172955974843
0.603960396039604,981.473813570328,1532.07303392342,0.462962962962963,0.765957446808511,0.585106382978723
0.603960396039604,1164.32467117506,1226.95079505118,0.481481481481481,0.74468085106383,0.617021276595745
0.613861386138614,1763.70305886923,1162.22401203028,0.509433962264151,0.729166666666667,0.641116352201258
0.603960396039604,1212.21772652012,1150.60700102196,0.490566037735849,0.729166666666667,0.640330188679245
0.554455445544555,524.633670053713,145.816283192208,0.433962264150943,0.6875,0.599056603773585
0.564356435643564,-68.0493077871589,1171.85805282608,0.5,0.63265306122449,0.623626373626374
0.603960396039604,653.653300749816,369.307196819346,0.471698113207547,0.75,0.636792452830189
0.594059405940594,573.324890175275,191.230734331118,0.509433962264151,0.6875,0.656839622641509
0.534653465346535,-614.866604604456,772.898981117012,0.452830188679245,0.625,0.62185534591195
0.554455445544555,-160.665805403656,1286.28375320767,0.471698113207547,0.645833333333333,0.620283018867925
0.574257425742574,130.663698425847,140.439107657139,0.471698113207547,0.6875,0.604166666666667
0.564356435643564,17.032255794406,850.154411416561,0.509433962264151,0.625,0.640330188679245
0.574257425742574,-109.07809572771,771.108772959158,0.5,0.659574468085106,0.663120567375887
0.574257425742574,-191.155965522972,844.5857110774,0.518518518518518,0.638297872340426,0.628053585500394
0.554455445544555,-499.799581166587,179.923001805995,0.481481481481481,0.638297872340426,0.600472813238771
0.613861386138614,1109.37238010377,1373.91299635027,0.518518518518518,0.723404255319149,0.66548463356974
0.623762376237624,965.081490118509,1008.39290494917,0.566037735849057,0.6875,0.669418238993711
0.584158415841584,131.934438578942,920.074473380741,0.480769230769231,0.693877551020408,0.636577708006279
0.594059405940594,482.102972659241,304.606829913097,0.490196078431373,0.7,0.666274509803922
0.594059405940594,335.92957198584,483.475516781784,0.509803921568627,0.68,0.656078431372549
0.603960396039604,912.826397382665,1387.55281146777,0.490196078431373,0.72,0.654117647058823
0.594059405940594,317.175213335845,993.182782827284,0.529411764705882,0.66,0.64
0.613861386138614,922.082314954372,999.020120326387,0.529411764705882,0.7,0.647843137254902
0.544554455445545,297.112352168619,517.252212308478,0.431372549019608,0.66,0.612156862745098
0.584158415841584,639.319142158017,2048.1000279389,0.431372549019608,0.74,0.634901960784314
0.603960396039604,1219.26993210881,292.268629986661,0.470588235294118,0.74,0.626274509803922
0.564356435643564,-272.212141373266,966.172937032272,0.480769230769231,0.653061224489796,0.607927786499215
0.534653465346535,99.625523093555,878.901840978568,0.403846153846154,0.673469387755102,0.612244897959184
0.524752475247525,-973.873755405723,-16.112322394291,0.442307692307692,0.612244897959184,0.595368916797488
0.603960396039604,1116.72123081011,711.906906245781,0.461538461538462,0.755102040816326,0.665227629513344
0.594059405940594,985.529311618187,1156.54705204769,0.442307692307692,0.755102040816326,0.678571428571429
0.564356435643564,534.285757786398,224.093211202546,0.39622641509434,0.75,0.667452830188679
0.574257425742574,659.926190051656,669.51764184437,0.425925925925926,0.74468085106383,0.662332545311269
0.534653465346535,-189.37349855828,-435.389621324403,0.407407407407407,0.680851063829787,0.627265563435776
0.564356435643564,295.045848171314,-297.319952694488,0.436363636363636,0.717391304347826,0.644268774703557
0.584158415841584,908.192681281668,1217.63333797619,0.436363636363636,0.760869565217391,0.670355731225296
0.594059405940594,995.378333487669,1135.32165813688,0.454545454545455,0.760869565217391,0.6699604743083
0.574257425742574,710.672833673474,1485.09260070194,0.454545454545455,0.717391304347826,0.663636363636364
0.613861386138614,1529.5015315675,1102.2325286406,0.436363636363636,0.826086956521739,0.653359683794466
0.594059405940594,913.366617342465,857.628929625237,0.436363636363636,0.782608695652174,0.672727272727273
0.574257425742574,530.9632022261,88.7935803103481,0.462962962962963,0.702127659574468,0.641449960598897
0.564356435643564,-103.008475333812,1106.7998836151,0.452830188679245,0.6875,0.623820754716981
0.623762376237624,1049.61038406766,960.486496894569,0.480769230769231,0.775510204081633,0.645211930926217
0.613861386138614,1204.35227502694,1012.17811190076,0.470588235294118,0.76,0.63843137254902
0.613861386138614,1402.23922725599,1331.98654719307,0.431372549019608,0.8,0.670980392156863
0.574257425742574,851.593696316346,867.055947028597,0.44,0.705882352941177,0.610588235294118
0.584158415841584,683.228389229028,1196.59804734869,0.42,0.745098039215686,0.657647058823529
0.574257425742574,459.770278712094,496.539492590003,0.448979591836735,0.692307692307692,0.626766091051805
0.554455445544555,-67.2075514554899,907.6675851094,0.416666666666667,0.679245283018868,0.610062893081761
0.613861386138614,1517.61945326282,1997.15630636425,0.446808510638298,0.759259259259259,0.631993695823483
0.584158415841584,443.982174940119,1322.77160146342,0.446808510638298,0.703703703703704,0.632781717888101
0.603960396039604,1224.29076504283,1670.40930336725,0.425531914893617,0.759259259259259,0.630417651694247
0.603960396039604,1077.67965393172,1053.84617205412,0.446808510638298,0.740740740740741,0.657210401891253
0.613861386138614,1374.24524468273,1108.28193021941,0.478260869565217,0.727272727272727,0.659288537549407
0.613861386138614,894.796539912378,668.61709557504,0.511111111111111,0.696428571428571,0.63968253968254
0.623762376237624,833.964701863149,1468.29848503904,0.5,0.727272727272727,0.635177865612648
0.653465346534653,1301.22770082308,1625.84257380052,0.521739130434783,0.763636363636364,0.670355731225296
0.613861386138614,774.214515798383,1333.6674477993,0.488888888888889,0.714285714285714,0.659920634920635
0.603960396039604,-89.7295294774699,222.871914829858,0.488888888888889,0.696428571428571,0.648809523809524
0.623762376237624,208.272646073905,790.315064817125,0.521739130434783,0.709090909090909,0.650592885375494
0.623762376237624,533.466940719001,839.098466056408,0.478260869565217,0.745454545454545,0.637549407114624
0.603960396039604,681.797754832423,676.205406804654,0.434782608695652,0.745454545454545,0.643873517786561
0.623762376237624,390.811847020427,986.866542325123,0.565217391304348,0.672727272727273,0.648616600790514
0.633663366336634,61.4069789416482,-321.981087240537,0.58695652173913,0.672727272727273,0.654940711462451
0.633663366336634,966.680762324127,1156.2858347879,0.574468085106383,0.685185185185185,0.68360914105595
0.603960396039604,719.118284544257,1366.13594442061,0.48936170212766,0.703703703703704,0.661150512214342
0.643564356435644,1267.43358035955,745.078814210669,0.565217391304348,0.709090909090909,0.690118577075099
0.584158415841584,-266.832653406681,-352.333429342879,0.48936170212766,0.666666666666667,0.607565011820331
0.653465346534653,1552.9882310229,858.853411593963,0.543478260869565,0.745454545454545,0.673122529644269
0.613861386138614,671.532242566912,1383.31898682105,0.543478260869565,0.672727272727273,0.697233201581028
0.623762376237624,626.647536290901,562.881394480642,0.531914893617021,0.703703703703704,0.650512214342002
0.623762376237624,1213.36389239856,714.638517531881,0.521739130434783,0.709090909090909,0.663636363636364
0.623762376237624,486.966251392224,948.267366943339,0.565217391304348,0.672727272727273,0.677865612648221
0.623762376237624,1727.19343001071,2417.36334343062,0.511111111111111,0.714285714285714,0.66547619047619
0.613861386138614,567.707473133446,1552.69349797817,0.577777777777778,0.642857142857143,0.651587301587302
0.633663366336634,2224.01435144032,1884.52418580886,0.521739130434783,0.727272727272727,0.662055335968379
0.663366336633663,1698.91375640506,1519.06989351246,0.555555555555556,0.75,0.668650793650794
0.613861386138614,588.020427511726,1745.10072629791,0.533333333333333,0.678571428571429,0.676984126984127
0.623762376237624,195.892067573121,1262.6146505457,0.565217391304348,0.672727272727273,0.683399209486166
0.663366336633663,1933.53095646201,1512.30718023823,0.6,0.714285714285714,0.673412698412698
0.653465346534653,794.689942637124,1568.37092831811,0.58695652173913,0.709090909090909,0.703952569169961
0.653465346534653,1804.89714284432,1633.67510883968,0.555555555555556,0.732142857142857,0.695634920634921
0.633663366336634,520.841015116058,2582.45140472645,0.577777777777778,0.678571428571429,0.711904761904762
0.663366336633663,1277.71375372232,1593.49586050442,0.6,0.714285714285714,0.716666666666667
0.663366336633663,1915.45051482992,1337.47497375002,0.6,0.714285714285714,0.686507936507937
0.683168316831683,2401.5005233638,2351.25563753068,0.608695652173913,0.745454545454545,0.722924901185771
0.643564356435644,1010.53607632725,2395.25036204153,0.565217391304348,0.709090909090909,0.709881422924901
0.594059405940594,-141.594526513857,1001.59450667518,0.521739130434783,0.654545454545455,0.680632411067194
0.683168316831683,1310.40769027097,2437.03918731423,0.630434782608696,0.727272727272727,0.731225296442688
0.663366336633663,991.627450902492,1328.89296316801,0.617021276595745,0.703703703703704,0.729314420803783
0.653465346534653,1755.68254527934,1221.14232515089,0.5625,0.735849056603774,0.679638364779874
0.683168316831683,2087.32160670101,1627.29274667215,0.604166666666667,0.754716981132076,0.700864779874214
0.653465346534653,890.893035272442,1430.14596942101,0.5625,0.735849056603774,0.680424528301887
0.643564356435644,657.228236019406,2296.54859019703,0.5625,0.716981132075472,0.692216981132076
0.633663366336634,792.335206343769,2465.87280297393,0.51063829787234,0.740740740740741,0.687549251379039
0.594059405940594,681.555358172616,1068.6457707469,0.51063829787234,0.666666666666667,0.661544523246651
0.683168316831683,1613.78644018631,2621.32418320792,0.574468085106383,0.777777777777778,0.669818754925138
0.633663366336634,630.552804827846,2567.44250932625,0.553191489361702,0.703703703703704,0.654846335697399
0.613861386138614,416.543038426775,2240.51129239503,0.5,0.709090909090909,0.637944664031621
0.574257425742574,-800.98090197234,1832.7208622133,0.543478260869565,0.6,0.619367588932806
0.603960396039604,204.959976794627,1897.20143903609,0.543478260869565,0.654545454545455,0.636758893280632
0.623762376237624,1233.53987515713,1431.55574817301,0.543478260869565,0.690909090909091,0.640316205533597
0.554455445544555,-792.815918807357,1326.06031767758,0.456521739130435,0.636363636363636,0.591699604743083
0.544554455445545,-1019.08460985866,1299.4400538834,0.456521739130435,0.618181818181818,0.6
0.564356435643564,-574.786685560732,2176.32442555038,0.478260869565217,0.636363636363636,0.595256916996047
0.633663366336634,569.350360967619,2500.98594760321,0.595744680851064,0.666666666666667,0.615445232466509
0.584158415841584,611.365937983195,432.477049094307,0.5,0.660377358490566,0.579795597484277
0.564356435643564,417.180606406559,248.998788224742,0.4375,0.679245283018868,0.609669811320755
0.564356435643564,-675.273660203718,1209.01704908699,0.530612244897959,0.596153846153846,0.627943485086342
0.603960396039604,1239.60015254527,2200.71126365638,0.5,0.69811320754717,0.656839622641509
0.564356435643564,-612.586460125213,677.268612338556,0.469387755102041,0.653846153846154,0.613422291993721
0.564356435643564,-690.377598133743,144.237786481643,0.469387755102041,0.653846153846154,0.607927786499215
0.574257425742574,-120.14297768173,1090.00853746979,0.448979591836735,0.692307692307692,0.622448979591837
0.584158415841584,480.521430373981,-40.0601147236919,0.510204081632653,0.653846153846154,0.589089481946625
0.584158415841584,59.6722795248311,3038.10486844129,0.5,0.666666666666667,0.636470588235294
0.623762376237624,1361.56697902823,1169.6104572891,0.530612244897959,0.711538461538462,0.678571428571429
0.643564356435644,998.665395909253,1323.03769028155,0.530612244897959,0.75,0.649136577708006
0.594059405940594,-62.2869850431269,2012.83441529567,0.510204081632653,0.673076923076923,0.628335949764521
0.574257425742574,-252.890692929444,1453.30637087632,0.469387755102041,0.673076923076923,0.605572998430141
0.584158415841584,439.613469574717,-390.747835786587,0.469387755102041,0.692307692307692,0.607535321821036
0.574257425742574,-272.736032774784,1697.11903968899,0.48,0.666666666666667,0.617647058823529
0.613861386138614,903.640273972365,1768.01123823897,0.490196078431373,0.74,0.663921568627451
0.584158415841584,-379.459470550942,2036.17274908128,0.490196078431373,0.68,0.651764705882353
0.584158415841584,510.567112887407,2262.23377955407,0.529411764705882,0.64,0.667058823529412
0.564356435643564,-79.1538888540549,1122.56389227549,0.450980392156863,0.68,0.610980392156863
0.574257425742574,-589.301134806928,686.7510014626,0.490196078431373,0.66,0.596078431372549
0.584158415841584,-333.694348394515,231.457166757001,0.5,0.673469387755102,0.634222919937206
0.594059405940594,-148.980584752858,1573.73163056805,0.480769230769231,0.714285714285714,0.640894819466248
0.594059405940594,-629.455944857375,1516.02955003989,0.519230769230769,0.673469387755102,0.616169544740973
0.613861386138614,923.032217259944,696.695220922949,0.528301886792453,0.708333333333333,0.613993710691824
0.564356435643564,-1030.9719267442,538.963529955964,0.509433962264151,0.625,0.593946540880503
0.584158415841584,623.460307688034,18.0492372769651,0.518518518518518,0.659574468085106,0.615839243498818
0.564356435643564,-1127.13728312695,1726.04953005986,0.444444444444444,0.702127659574468,0.64026792750197
0.584158415841584,-452.374043146318,957.279636507363,0.452830188679245,0.729166666666667,0.655660377358491
0.613861386138614,938.26766808363,939.795994829349,0.471698113207547,0.770833333333333,0.698506289308176
0.663366336633663,2315.53971062215,2357.01921151342,0.557692307692308,0.775510204081633,0.676216640502355
0.564356435643564,277.553847853683,-675.125952217421,0.461538461538462,0.673469387755102,0.633437990580848
0.554455445544555,-821.728247717912,258.924545543578,0.5,0.612244897959184,0.580062794348509
0.584158415841584,-262.727537427704,1540.35327065311,0.442307692307692,0.73469387755102,0.627551020408163
0.544554455445545,-777.215399573349,-777.554319912268,0.442307692307692,0.653061224489796,0.582025117739403
0.574257425742574,-484.600069082844,1666.3409762316,0.471698113207547,0.6875,0.637971698113208
0.574257425742574,474.105759139113,1171.54532147431,0.388888888888889,0.787234042553192,0.617415287628054
0.554455445544555,96.638692155919,482.063528757225,0.444444444444444,0.680851063829787,0.624901497241923
0.554455445544555,-898.362290824605,598.045415583102,0.509090909090909,0.608695652173913,0.63201581027668
0.564356435643564,367.835290477342,527.842970968894,0.464285714285714,0.688888888888889,0.572619047619048
0.544554455445545,-718.566825924775,1826.05286810669,0.43859649122807,0.681818181818182,0.584529505582137
0.524752475247525,-1147.52739940148,-408.672180546258,0.421052631578947,0.659090909090909,0.561004784688995
0.534653465346535,-1201.70252464871,152.055239326446,0.413793103448276,0.697674418604651,0.582598235765838
0.524752475247525,-1483.72395883333,663.309399964735,0.440677966101695,0.642857142857143,0.571428571428571
0.564356435643564,-621.157821267195,1106.76425665488,0.483333333333333,0.682926829268293,0.611382113821138
0.485148514851485,-1337.43900281486,-523.954154330006,0.344262295081967,0.7,0.596311475409836
0.524752475247525,-1247.23938761524,-366.811297187148,0.426229508196721,0.675,0.578688524590164
0.524752475247525,-543.53570236424,-57.2478235763611,0.426229508196721,0.675,0.589344262295082
0.514851485148515,-823.04741614066,-1532.47095258033,0.383333333333333,0.707317073170732,0.571951219512195
0.485148514851485,-1686.37949469013,-77.656550967186,0.35,0.682926829268293,0.578861788617886
0.514851485148515,-862.652530261902,-1764.38374022841,0.409836065573771,0.675,0.565573770491803
0.544554455445545,-802.415944188433,590.305622696251,0.459016393442623,0.675,0.602459016393443
0.544554455445545,-754.332866871485,174.976173169654,0.459016393442623,0.675,0.576639344262295
0.445544554455446,-2656.10942663192,-1356.10942663191,0.344262295081967,0.6,0.470491803278689
0.534653465346535,-1180.76574857085,-1155.16551547061,0.467741935483871,0.641025641025641,0.56368899917287
0.465346534653465,-2172.1019089518,-957.033312877978,0.377049180327869,0.6,0.527049180327869
0.504950495049505,-764.404438747681,165.595561252319,0.377049180327869,0.7,0.540573770491803
0.475247524752475,-1333.0678766786,-1025.08400571086,0.338709677419355,0.692307692307692,0.568238213399504
0.495049504950495,-748.957015612632,-1448.43880832972,0.426229508196721,0.6,0.551639344262295
0.485148514851485,-1836.68403518176,-1109.02923642015,0.383333333333333,0.634146341463415,0.535772357723577
0.475247524752475,-1797.19433384995,87.4630675721581,0.389830508474576,0.595238095238095,0.533091202582728
0.504950495049505,-706.620026737496,-65.422893806491,0.440677966101695,0.595238095238095,0.566182405165456
0.495049504950495,-803.344054515799,-642.480550637589,0.440677966101695,0.571428571428571,0.527441485068604
0.514851485148515,-677.802822436422,-569.976924681278,0.413793103448276,0.651162790697674,0.594226142742582
0.465346534653465,-1528.75316860416,-257.637477044516,0.355932203389831,0.619047619047619,0.558918482647296
0.514851485148515,-1351.66803151902,-48.4862133372029,0.423728813559322,0.642857142857143,0.549636803874092
0.465346534653465,-2205.26324643499,-327.169812091556,0.389830508474576,0.571428571428571,0.453591606133979
0.475247524752475,-2343.92632877732,144.210926124642,0.406779661016949,0.571428571428571,0.55044390637611
0.524752475247525,-1129.26323400553,-456.095065837359,0.483333333333333,0.585365853658537,0.552032520325203
0.574257425742574,635.574428332133,263.494209266622,0.533333333333333,0.634146341463415,0.571544715447154
0.455445544554455,-2702.90369838129,-1168.29647384482,0.35,0.609756097560976,0.498780487804878
0.514851485148515,-62.012697272894,3.10514784495206,0.4,0.682926829268293,0.566260162601626
0.504950495049505,-1537.77563758759,-1044.74754470378,0.39344262295082,0.675,0.547540983606557
0.584158415841584,793.270538458586,212.990675090065,0.540983606557377,0.65,0.574180327868852
0.504950495049505,-1072.10950420406,-1214.30910845972,0.45,0.585365853658537,0.532113821138211
0.504950495049505,-790.307025636882,-1262.42823775809,0.426229508196721,0.625,0.517622950819672
0.524752475247525,-482.472678019925,-347.834789702791,0.426229508196721,0.675,0.551229508196721
0.465346534653465,-2236.83660716646,-1552.30696197505,0.403225806451613,0.564102564102564,0.512406947890819
0.465346534653465,-2535.28129832854,-1223.45717473971,0.403225806451613,0.564102564102564,0.494623655913978
0.485148514851485,-2052.15854770579,-2540.8258046791,0.370967741935484,0.666666666666667,0.512406947890819
0.485148514851485,-1866.00664663129,-818.923313297958,0.435483870967742,0.564102564102564,0.536807278742763
0.504950495049505,-896.000816548063,-1513.53328408053,0.435483870967742,0.615384615384615,0.540942928039702
0.465346534653465,-1911.60933443919,-1277.64468797454,0.426229508196721,0.525,0.498360655737705
0.475247524752475,-1938.52088885074,-1116.2838122019,0.435483870967742,0.538461538461538,0.48221670802316
0.465346534653465,-2331.72762977488,-2009.63888518613,0.412698412698413,0.552631578947368,0.520885547201337
0.445544554455446,-2389.18290841437,-1858.64631919356,0.365079365079365,0.578947368421053,0.489557226399332
0.455445544554455,-2421.58843982664,-2197.04179929116,0.403225806451613,0.538461538461538,0.507030603804797
0.465346534653465,-1867.51563898914,-1861.66246438596,0.419354838709677,0.538461538461538,0.528949545078577
0.445544554455446,-2370.2814048354,-2941.13212021197,0.39344262295082,0.525,0.546311475409836
0.524752475247525,-1226.39248800598,-970.483397096887,0.491803278688525,0.575,0.568852459016393
0.534653465346535,-872.501918240123,-2254.01268225089,0.5,0.58974358974359,0.527295285359802
0.495049504950495,-1237.24022507008,-2215.71434182006,0.459016393442623,0.55,0.515573770491803
0.534653465346535,-608.214498952704,-1158.2144989527,0.442622950819672,0.675,0.55
0.495049504950495,-1226.6301086841,-1676.06733812133,0.426229508196721,0.6,0.51844262295082
0.514851485148515,-1273.15241716648,-1660.76605353012,0.475409836065574,0.575,0.568032786885246
0.524752475247525,-1314.44012136254,-1970.00391567633,0.508196721311475,0.55,0.544262295081967
0.445544554455446,-2387.94466390026,-1711.69568765128,0.377049180327869,0.55,0.533196721311475
0.495049504950495,-2084.53437048997,-1989.47123917683,0.483333333333333,0.51219512195122,0.527235772357724
0.504950495049505,-1568.0448359605,-2779.12568159243,0.475409836065574,0.55,0.512704918032787
0.534653465346535,-1194.9661261259,-1798.54245199805,0.491803278688525,0.6,0.587704918032787
0.524752475247525,-1457.0205250224,-2479.18726632707,0.483870967741935,0.58974358974359,0.569478908188586
0.495049504950495,-1728.06706586477,-2072.31478282643,0.459016393442623,0.55,0.573770491803279
0.544554455445545,-1315.36609271007,-2426.82608739375,0.508196721311475,0.6,0.55
0.564356435643564,-802.392495050878,-1092.39188038495,0.516666666666667,0.634146341463415,0.570325203252033
0.514851485148515,-1070.30705451755,-1788.96454922087,0.440677966101695,0.619047619047619,0.553268765133172
0.584158415841584,-63.7915342720589,-421.767115859255,0.559322033898305,0.619047619047619,0.623890234059726
0.534653465346535,-1070.49333336018,-1297.51397076875,0.508474576271186,0.571428571428571,0.572235673930589
0.554455445544555,-664.187473279613,-1214.80074889289,0.551724137931034,0.558139534883721,0.607457898957498
0.574257425742574,-562.338094325365,-1245.51991250718,0.551724137931034,0.604651162790698,0.594226142742582
0.554455445544555,-813.550215537486,-2111.83284817477,0.517241379310345,0.604651162790698,0.57457898957498
0.564356435643564,-507.268523847446,-1588.34593781279,0.508771929824561,0.636363636363636,0.586124401913876
0.584158415841584,64.52589621763,-919.432783524923,0.551724137931034,0.627906976744186,0.610665597433841
0.514851485148515,-1319.97361045973,-1357.06986322083,0.423728813559322,0.642857142857143,0.585956416464891
0.584158415841584,-56.160922173362,-1615.84347785651,0.5,0.707317073170732,0.607723577235772
0.564356435643564,-423.481309947469,-1307.51608794896,0.508196721311475,0.65,0.610655737704918
0.574257425742574,-243.001010973917,-1446.56288769369,0.516129032258065,0.666666666666667,0.602564102564103
0.534653465346535,-645.852729687704,-1160.11931211913,0.39344262295082,0.75,0.636885245901639
0.594059405940594,239.977632790928,-699.394180522654,0.524590163934426,0.7,0.65655737704918
0.554455445544555,-619.318478486486,-1267.7864919545,0.491803278688525,0.65,0.630737704918033
0.564356435643564,-617.133683153461,-940.418130187906,0.540983606557377,0.6,0.60655737704918
0.594059405940594,152.59839930008,-448.596267503976,0.533333333333333,0.682926829268293,0.689837398373984
0.584158415841584,120.780482368728,54.8882264764731,0.483333333333333,0.731707317073171,0.665040650406504
0.623762376237624,767.176173021384,249.895471266999,0.566666666666667,0.707317073170732,0.671544715447154
0.603960396039604,56.7709666430861,87.7149850143712,0.533333333333333,0.707317073170732,0.670325203252032
0.594059405940594,88.2036061076411,328.304180820284,0.525423728813559,0.69047619047619,0.655770782889427
0.683168316831683,1849.48020185232,946.188822752121,0.627118644067797,0.761904761904762,0.697336561743341
0.594059405940594,240.241853055149,1085.39206204157,0.525423728813559,0.69047619047619,0.66908797417272
0.594059405940594,164.57293366118,-557.458844567352,0.5,0.720930232558139,0.652365677626303
0.584158415841584,252.594408305715,-72.5641796297818,0.526315789473684,0.659090909090909,0.617224880382775
0.584158415841584,290.326126577361,-113.686227560972,0.5,0.697674418604651,0.673616680032077
0.603960396039604,66.1591789116231,-1202.31745729901,0.568965517241379,0.651162790697674,0.642341619887731
0.633663366336634,545.516013129261,-118.045652069661,0.620689655172414,0.651162790697674,0.650360866078589
0.613861386138614,393.478569711052,-352.726534724682,0.551724137931034,0.697674418604651,0.668003207698476
0.633663366336634,810.106677772915,-451.967306074251,0.586206896551724,0.697674418604651,0.69887730553328
0.653465346534653,1539.39280830905,553.413074907507,0.586206896551724,0.744186046511628,0.700481154771451
0.613861386138614,490.61780021235,-625.657726340084,0.525423728813559,0.738095238095238,0.652138821630347
0.584158415841584,-153.464717511473,-267.970810833354,0.551724137931034,0.627906976744186,0.64915797914996
0.623762376237624,628.450922828754,-731.592924183178,0.614035087719298,0.636363636363636,0.668261562998405
0.633663366336634,769.745083648775,-228.755839743451,0.603448275862069,0.674418604651163,0.682437850842021
0.653465346534653,1200.07470782715,684.924678118299,0.578947368421053,0.75,0.709728867623604
0.663366336633663,1807.721611577,373.010839892542,0.625,0.711111111111111,0.684126984126984
0.603960396039604,182.216170465242,-853.885407932162,0.545454545454545,0.673913043478261,0.669169960474308
0.633663366336634,900.925321071396,-115.897069500996,0.607142857142857,0.666666666666667,0.68015873015873
0.653465346534653,1066.30210002136,-26.1350961831158,0.625,0.688888888888889,0.699603174603175
0.613861386138614,1146.58232325598,654.739065183141,0.535714285714286,0.711111111111111,0.706746031746032
0.584158415841584,7.2484739089131,-342.686844184298,0.563636363636364,0.608695652173913,0.680632411067194
0.623762376237624,532.214891171156,-178.532944498485,0.618181818181818,0.630434782608696,0.679446640316205
0.623762376237624,580.152552096173,-294.069935942104,0.589285714285714,0.666666666666667,0.686507936507937
0.564356435643564,-308.110551124024,-465.395904659377,0.517857142857143,0.622222222222222,0.629365079365079
0.564356435643564,-491.757256603563,-1521.34428090187,0.553571428571429,0.577777777777778,0.633730158730159
0.594059405940594,636.508862968007,-541.058629546239,0.56140350877193,0.636363636363636,0.639952153110048
0.663366336633663,1095.10925373734,1317.81010122147,0.649122807017544,0.681818181818182,0.683811802232855
0.574257425742574,-668.310553205126,-2249.68909798551,0.543859649122807,0.613636363636364,0.621610845295056
0.574257425742574,-415.163621069405,-1472.44122267036,0.508771929824561,0.659090909090909,0.620015948963317
0.673267326732673,891.388918563508,-1108.8567915178,0.706896551724138,0.627906976744186,0.635926222935044
0.633663366336634,270.408847530192,-1208.27592405505,0.568965517241379,0.720930232558139,0.640336808340016
0.584158415841584,-358.183183011966,-195.488333535201,0.508474576271186,0.69047619047619,0.664648910411622
0.574257425742574,-370.21751140499,-1591.79343224482,0.508474576271186,0.666666666666667,0.644874899112187
0.584158415841584,-367.362033549513,-54.1258658930438,0.508474576271186,0.69047619047619,0.656174334140436
0.653465346534653,632.041158386641,-55.6314599178559,0.627118644067797,0.69047619047619,0.660209846650525
0.623762376237624,246.324660545528,-405.909216688347,0.566666666666667,0.707317073170732,0.680487804878049
0.613861386138614,76.092232490959,-822.72887330383,0.55,0.707317073170732,0.666666666666667
0.554455445544555,-868.895457358344,-698.303801622704,0.5,0.634146341463415,0.634552845528455
0.603960396039604,-189.635908290427,-480.425736796972,0.55,0.682926829268293,0.669918699186992
0.584158415841584,-198.062803841934,-1152.29105122808,0.516666666666667,0.682926829268293,0.647154471544715
0.534653465346535,-910.74324914836,-1872.11918705353,0.4,0.731707317073171,0.667479674796748
0.603960396039604,46.333862505532,-1453.15747948581,0.576271186440678,0.642857142857143,0.616222760290557
0.574257425742574,-136.051856064397,-377.178194604528,0.474576271186441,0.714285714285714,0.643664245359161
0.633663366336634,58.493227272918,-399.554555038774,0.6,0.682926829268293,0.655284552845528
0.603960396039604,119.198081450865,-785.804576709687,0.559322033898305,0.666666666666667,0.626311541565779
0.594059405940594,-291.990101234852,-1636.08294388279,0.508474576271186,0.714285714285714,0.616222760290557
0.613861386138614,148.599497153199,-1093.41600880408,0.568965517241379,0.674418604651163,0.669206094627105
0.633663366336634,458.101345879185,589.97109893315,0.603448275862069,0.674418604651163,0.707698476343224
0.594059405940594,-61.59634475844,-76.639957060115,0.526315789473684,0.681818181818182,0.659090909090909
0.683168316831683,1563.70790380725,240.87502199037,0.625,0.755555555555556,0.691666666666667
0.732673267326733,3165.6355091495,1840.28092813703,0.666666666666667,0.818181818181818,0.761961722488038
0.554455445544555,-849.447284217166,-423.73741232241,0.473684210526316,0.659090909090909,0.655901116427432
0.623762376237624,607.06633688318,-250.035427844564,0.607142857142857,0.644444444444444,0.652380952380952
0.603960396039604,1160.08855412953,901.146502029588,0.545454545454545,0.673913043478261,0.697628458498024
0.663366336633663,1860.10432052688,1023.85853691948,0.592592592592593,0.74468085106383,0.717494089834515
0.673267326732673,2466.35150333859,2715.52281511859,0.641509433962264,0.708333333333333,0.695754716981132
0.663366336633663,1186.5298394524,763.602857226218,0.641509433962264,0.6875,0.689465408805031
0.643564356435644,2548.07237180376,1287.12424127952,0.576923076923077,0.714285714285714,0.656200941915228
0.653465346534653,1231.10887956876,2399.36379716578,0.634615384615385,0.673469387755102,0.681318681318681
0.574257425742574,508.424863981938,322.309290958472,0.480769230769231,0.673469387755102,0.648744113029827
0.643564356435644,1953.43645083563,1926.93679111789,0.634615384615385,0.653061224489796,0.662087912087912
0.623762376237624,269.719942449938,1314.52768083387,0.607843137254902,0.64,0.691372549019608
0.643564356435644,2106.10318598816,1441.60240898738,0.607843137254902,0.68,0.692156862745098
0.663366336633663,1281.4421273136,1875.39807697036,0.607843137254902,0.72,0.711764705882353
0.633663366336634,607.786760063036,1026.34209709147,0.588235294117647,0.68,0.668627450980392
0.663366336633663,2421.13188472395,1786.50063257541,0.634615384615385,0.693877551020408,0.687598116169545
0.633663366336634,2523.43111847736,1888.41654971279,0.529411764705882,0.74,0.695294117647059
0.653465346534653,2467.5502348923,2080.02246642973,0.596153846153846,0.714285714285714,0.702119309262166
0.554455445544555,-472.964517383287,1771.91254999378,0.5,0.612244897959184,0.656200941915228
0.643564356435644,1297.22210226834,2580.20204247137,0.557692307692308,0.73469387755102,0.682888540031397
0.603960396039604,1468.33902198433,1577.57924675087,0.538461538461538,0.673469387755102,0.702904238618524
0.683168316831683,2832.5638850394,2405.49373266199,0.692307692307692,0.673469387755102,0.722135007849294
0.702970297029703,3199.63637000475,2524.47149403105,0.653846153846154,0.755102040816326,0.728414442700157
0.702970297029703,2914.18849901802,1680.33052128406,0.711538461538462,0.693877551020408,0.724097331240188
0.683168316831683,2525.85703458749,2299.51776922131,0.653846153846154,0.714285714285714,0.762951334379906
0.673267326732673,2845.52278550323,2489.67311230062,0.660377358490566,0.6875,0.711477987421384
0.653465346534653,1903.14918607081,2003.81102423265,0.576923076923077,0.73469387755102,0.727629513343799
0.643564356435644,1651.73085660261,2481.28792641544,0.576923076923077,0.714285714285714,0.732339089481947
0.663366336633663,2760.59861350228,1815.53832355069,0.588235294117647,0.74,0.717647058823529
0.712871287128713,3848.9903680533,2555.41569572863,0.666666666666667,0.76,0.750588235294118
0.633663366336634,2526.90856666843,3093.11969758544,0.5,0.775510204081633,0.747252747252747
0.673267326732673,2075.10628535343,1647.42174766889,0.641509433962264,0.708333333333333,0.76375786163522
0.594059405940594,-454.589409233572,946.906337370871,0.528301886792453,0.666666666666667,0.691430817610063
0.683168316831683,2943.08802583517,2298.57579999622,0.62962962962963,0.74468085106383,0.702915681639086
0.683168316831683,2567.68123481899,1928.06661031306,0.685185185185185,0.680851063829787,0.687549251379039
0.693069306930693,3035.39469867376,2423.30195841385,0.641509433962264,0.75,0.733883647798742
0.643564356435644,1824.6518505396,2383.78410717186,0.574074074074074,0.723404255319149,0.705673758865248
0.653465346534653,1913.17846906622,936.684513930963,0.592592592592593,0.723404255319149,0.71591804570528
0.584158415841584,17.1712293089822,2034.40003914649,0.518518518518518,0.659574468085106,0.6725768321513
0.623762376237624,1940.17377414976,1499.03001866777,0.547169811320755,0.708333333333333,0.686320754716981
0.673267326732673,2293.26416415192,2455.38602483836,0.641509433962264,0.708333333333333,0.704009433962264
0.603960396039604,229.082677361733,2072.21759799665,0.538461538461538,0.673469387755102,0.686420722135008
0.633663366336634,1765.56008883914,2728.85584896774,0.557692307692308,0.714285714285714,0.688383045525903
0.633663366336634,360.774986662738,2203.15651415296,0.607843137254902,0.66,0.696470588235294
0.594059405940594,937.224147523663,1465.66857346809,0.607843137254902,0.58,0.659607843137255
0.564356435643564,1038.56090444865,1836.34610943974,0.46,0.666666666666667,0.644705882352941
0.594059405940594,1629.78514317289,1936.5686646623,0.52,0.666666666666667,0.684705882352941
0.603960396039604,300.39788389433,2556.85476035121,0.56,0.647058823529412,0.626274509803922
0.594059405940594,155.072209235822,1152.77360204591,0.5,0.686274509803922,0.64156862745098
0.584158415841584,-180.262864375113,2698.8701523666,0.54,0.627450980392157,0.664313725490196
0.534653465346535,774.459100455548,848.903544899992,0.4,0.666666666666667,0.616078431372549
0.584158415841584,-341.529078032631,2113.2472567437,0.52,0.647058823529412,0.661960784313726
0.623762376237624,2397.60706360351,3509.38736663381,0.52,0.725490196078431,0.670980392156863
0.613861386138614,1359.7548213395,3591.59820318289,0.58,0.647058823529412,0.662352941176471
0.574257425742574,1228.70270709046,900.381583769334,0.46,0.686274509803922,0.632941176470588
0.623762376237624,1979.80943639412,2626.48775807244,0.52,0.725490196078431,0.670980392156863
0.623762376237624,2237.15176726586,2690.65604077013,0.58,0.666666666666667,0.663137254901961
0.574257425742574,1309.62602396966,1786.40028835262,0.509803921568627,0.64,0.643921568627451
0.643564356435644,1792.33899727087,3330.9104258423,0.627450980392157,0.66,0.663137254901961
0.594059405940594,691.162595506229,437.130186473821,0.529411764705882,0.66,0.629803921568627
0.534653465346535,-1250.9157289634,-241.758219805891,0.490196078431373,0.58,0.583529411764706
0.594059405940594,132.757623827601,2877.57891364889,0.56,0.627450980392157,0.66156862745098
0.594059405940594,269.034527495809,2504.82174328302,0.56,0.627450980392157,0.621176470588235
0.594059405940594,-0.943841706698791,2083.27245923374,0.588235294117647,0.6,0.66156862745098
0.613861386138614,573.972037433319,2388.66900713029,0.6,0.627450980392157,0.672156862745098
0.574257425742574,-304.547460310319,1432.42438427022,0.52,0.627450980392157,0.621960784313725
0.554455445544555,-510.996864368418,1505.0120542492,0.529411764705882,0.58,0.613725490196078
